(2.3476195335388184, 3, 600, 4, 50000, 1.393799901008606)
(2.3476195335388184, 3, 600, 4, 50000, 1.393799901008606)
(2.4586338996887207, 4, 750, 4, 50000, 1.1472504138946533)
(2.296140193939209, 3, 800, 4, 50000, 1.3054497241973877)
(2.317202568054199, 3, 1000, 4, 50000, 1.2672053575515747)
(2.328326940536499, 3, 1250, 4, 50000, 1.2672053575515747)
(2.3053033351898193, 3, 850, 4, 50000, 1.3665138483047485)
(2.3025457859039307, 3, 900, 4, 50000, 1.2940940856933594)
(8.77627182006836, 3, 800, 4, 1000, 5.351456642150879)
(6.776296138763428, 3, 800, 4, 10000, 3.336803436279297)
(6.776296138763428, 3, 800, 4, 10000, 3.336803436279297)
(4.01767635345459, 5, 1000, 4, 1000, 2.621598482131958)
(2.8396975994110107, 5, 1000, 4, 10000, 2.0950050354003906)
(2.83447265625, 5, 1000, 4, 20000, 2.1264636516571045)
(2.83447265625, 5, 1000, 4, 20000, 2.1264636516571045)
(2.8470520973205566, 4, 800, 4, 15000, 2.32730770111084)
(8.365693092346191, 4, 800, 4, 1000, 4.05238676071167)
(7.22197961807251, 4, 800, 4, 3000, 4.025879859924316)
(3.303299903869629, 4, 800, 4, 6000, 2.3118157386779785)
(6.639202117919922, 4, 800, 4, 1000, 3.6552727222442627)
(7.837345123291016, 4, 800, 4, 1000, 4.189863204956055)
(2.919496774673462, 4, 750, 4, 6000, 2.1298820972442627)
(4.532414436340332, 4, 750, 4, 6000, 2.490041494369507)
(4.532414436340332, 4, 750, 400, 4, 6000, 2.490041494369507)
(3.6983673572540283, 4, 750, 400, 4, 6000, 2.4329917430877686)
(3.6008079051971436, 4, 750, 400, 4, 12000, 1.9264030456542969)
(4.467513561248779, 4, 750, 500, 4, 12000, 2.5483005046844482)
(3.186683177947998, 4, 750, 500, 4, 24000, 1.8771318197250366)
(9.680741310119629, 3, 750, 500, 4, 1000, 4.902100563049316)
(10.517936706542969, 6, 750, 500, 4, 1000, 4.902100563049316)
(2.863084077835083, 3, 750, 500, 4, 20000, 2.131692409515381)
(2.8783211708068848, 6, 750, 500, 4, 20000, 2.131692409515381)
(2.9307522773742676, 4, 700, 750, 4, 20000, 2.2826273441314697)
(2.8544955253601074, 4, 500, 500, 4, 50000, 2.250702142715454)
(2.6485414505004883, 4, 500, 250, 4, 50000, 1.8084721565246582)
(2.847424030303955, 3, 250, 250, 3, 50000, 2.2281839847564697)
(2.8789546489715576, 3, 250, 250, 4, 50000, 2.2281839847564697)
(2.6765260696411133, 3, 500, 250, 3, 50000, 1.995066523551941)
(2.589935541152954, 3, 500, 250, 4, 50000, 1.8628395795822144)
(2.8459150791168213, 4, 250, 250, 3, 50000, 1.8628395795822144)
(2.8461005687713623, 4, 250, 250, 4, 50000, 1.8628395795822144)
(2.74558424949646, 4, 500, 250, 3, 50000, 1.8628395795822144)
(2.6391546726226807, 4, 500, 250, 4, 50000, 1.6926259994506836)
